1 0 2 0
2 0 63 0
3 0 20 0
4 0 0 0
5 0 3 0
6 0 0 0
7 0 31 0
8 0 44 0
9 0 50 0
10 0 51 0
11 0 61 0
12 0 91 0
13 0 91 0
14 0 91 0
15 0 91 0
16 0 91 0
17 0 8 0
18 0 91 0
19 0 84 0
20 0 88 0
21 0 88 0
22 0 91 0
23 0 91 0
24 0 91 0
25 0 91 0
26 1 1 0
27 2 2 0
28 2 2 0
29 2 5 0
30 2 2 0
31 3 3 0
32 4 5 0
33 4 4 0
34 4 11 5
35 4 4 5
36 6 6 0
37 6 7 0
38 6 6 29
39 6 6 29
40 7 7 0
41 7 7 0
42 7 7 0
43 9 9 0
44 10 12 0
45 11 11 0
46 12 24 34
47 12 12 34
48 12 13 0
49 13 14 0
50 16 16 0
51 17 17 0
52 17 91 0
53 18 18 0
54 18 91 0
55 19 19 0
56 19 20 0
57 20 20 0
58 20 20 0
59 20 20 0
60 21 21 0
61 21 23 3
62 21 21 3
63 21 21 0
64 22 23 0
65 22 23 0
66 24 35 61
67 24 24 61
68 25 33 46
69 25 26 46
70 25 25 0
71 26 26 0
72 26 27 0
73 27 28 0
74 29 31 0
75 30 31 0
76 33 91 0
77 34 37 0
78 34 34 0
79 34 45 68
80 34 34 68
81 35 35 0
82 35 91 0
83 36 44 66
84 36 36 66
85 37 38 0
86 38 38 0
87 39 91 0
88 40 40 0
89 40 41 0
90 42 42 0
91 42 42 0
92 43 43 0
93 44 45 0
94 44 48 0
95 46 48 0
96 46 91 79
97 46 46 79
98 46 46 0
99 48 50 0
100 48 62 0
101 50 50 0
102 50 52 0
103 50 52 0
104 51 91 0
105 52 61 0
106 52 52 10
107 52 54 10
108 53 75 0
109 53 57 0
110 53 54 0
111 54 54 0
112 55 56 0
113 55 91 107
114 55 83 107
115 56 56 0
116 56 56 0
117 56 58 0
118 57 57 0
119 59 59 0
120 59 59 0
121 60 62 0
122 61 61 0
123 61 62 0
124 62 68 105
125 62 62 105
126 62 62 0
127 63 63 0
128 64 64 0
129 64 67 2
130 64 66 2
131 64 66 2
132 64 64 0
133 67 69 0
134 67 91 131
135 67 91 131
136 68 74 129
137 68 68 129
138 69 69 124
139 69 69 124
140 70 82 0
141 70 70 0
142 75 76 0
143 75 82 136
144 75 76 136
145 76 77 0
146 76 78 108
147 76 76 108
148 76 78 0
149 79 81 146
150 79 79 146
151 80 81 0
152 82 88 149
153 82 82 149
154 82 82 0
155 83 87 143
156 83 91 143
157 83 84 0
158 83 85 140
159 83 83 140
160 83 91 0
161 84 91 0
162 85 85 0
163 85 85 0
164 86 90 0
165 86 86 0
166 87 88 0
167 87 90 0
168 87 87 0
169 88 90 155
170 88 88 155
171 88 88 0
172 89 91 152
173 89 89 152
174 89 91 0
175 91 91 0
176 91 91 169
177 91 91 169
178 91 91 0
