1 0 7 0
2 0 60 0
3 0 54 0
4 0 28 0
5 0 21 0
6 0 74 0
7 0 51 0
8 0 213 0
9 0 2 0
10 0 96 0
11 0 197 0
12 0 138 0
13 0 232 0
14 0 90 0
15 0 94 0
16 0 162 0
17 0 72 0
18 0 91 0
19 0 49 0
20 0 1 0
21 0 24 0
22 0 142 0
23 0 39 0
24 0 198 0
25 0 152 0
26 0 70 0
27 0 232 0
28 0 58 0
29 0 13 0
30 0 75 0
31 0 111 0
32 0 40 0
33 0 19 0
34 0 11 0
35 0 22 0
36 0 136 0
37 0 54 0
38 0 130 0
39 0 99 0
40 0 58 0
41 0 106 0
42 0 70 0
43 0 82 0
44 0 232 0
45 0 143 0
46 0 49 0
47 0 96 0
48 0 112 0
49 0 142 0
50 0 159 0
51 0 76 0
52 0 23 0
53 0 84 0
54 0 131 0
55 0 110 0
56 0 106 0
57 0 53 0
58 0 1 0
59 0 84 0
60 0 225 0
61 0 23 0
62 0 35 0
63 0 134 0
64 0 24 0
65 0 172 0
66 0 33 0
67 0 111 0
68 0 232 0
69 0 74 0
70 0 4 0
71 0 232 0
72 0 25 0
73 0 106 0
74 0 0 0
75 0 17 0
76 0 116 0
77 0 59 0
78 0 93 0
79 0 232 0
80 0 232 0
81 0 89 0
82 0 232 0
83 0 5 0
84 0 147 0
85 0 9 0
86 0 79 0
87 0 35 0
88 0 232 0
89 0 38 0
90 0 154 0
91 0 44 0
92 0 98 0
93 0 104 0
94 1 82 0
95 2 2 0
96 2 2 0
97 3 3 0
98 3 5 0
99 4 173 0
100 4 4 0
101 4 4 0
102 5 5 0
103 5 41 70
104 5 47 70
105 6 6 0
106 6 232 98
107 6 44 98
108 6 75 83
109 6 68 83
110 6 6 0
111 7 229 0
112 9 40 0
113 10 232 0
114 11 11 0
115 11 11 0
116 13 88 0
117 13 207 0
118 14 14 0
119 14 44 0
120 15 15 0
121 15 15 0
122 17 17 0
123 17 19 0
124 18 28 0
125 18 22 0
126 18 18 0
127 18 213 75
128 18 232 75
129 20 20 0
130 20 79 33
131 20 142 33
132 21 21 0
133 21 29 0
134 21 21 0
135 22 22 0
136 22 75 0
137 22 39 0
138 22 22 0
139 23 89 35
140 23 101 35
141 23 23 0
142 23 23 0
143 24 38 0
144 24 29 52
145 24 47 52
146 24 24 0
147 24 33 61
148 24 118 61
149 24 184 61
150 24 24 0
151 25 25 0
152 25 68 21
153 25 61 21
154 25 25 0
155 25 25 0
156 25 29 64
157 25 101 64
158 25 26 0
159 26 26 0
160 26 166 72
161 26 207 72
162 26 26 0
163 29 33 0
164 30 69 0
165 30 50 0
166 30 42 0
167 31 31 0
168 32 32 0
169 32 32 0
170 32 32 0
171 33 33 0
172 33 33 0
173 35 38 0
174 35 37 0
175 36 131 0
176 36 101 62
177 36 36 62
178 36 136 87
179 36 101 87
180 36 51 0
181 39 114 0
182 39 105 89
183 39 39 89
184 39 232 0
185 39 60 0
186 40 66 23
187 40 40 23
188 40 75 137
189 40 40 137
190 41 68 0
191 41 98 32
192 41 93 32
193 41 41 0
194 41 42 0
195 41 41 0
196 42 49 0
197 42 42 0
198 42 42 0
199 42 42 0
200 42 42 0
201 43 46 0
202 43 43 0
203 44 134 0
204 44 44 0
205 45 45 0
206 45 144 91
207 45 181 91
208 46 137 0
209 46 85 0
210 47 115 0
211 47 47 0
212 48 48 0
213 49 50 0
214 49 49 0
215 50 232 19
216 50 232 19
217 50 126 46
218 50 56 46
219 50 110 0
220 51 117 0
221 51 53 0
222 51 51 165
223 51 51 165
224 51 64 0
225 51 52 0
226 52 52 0
227 52 55 180
228 52 117 180
229 54 54 0
230 54 57 0
231 54 126 57
232 54 134 57
233 54 85 0
234 55 55 0
235 55 232 37
236 55 232 37
237 55 85 0
238 56 56 0
239 57 57 0
240 57 57 0
241 57 57 0
242 58 59 0
243 58 58 0
244 59 152 28
245 59 132 28
246 59 232 40
247 59 59 40
248 59 63 0
249 60 136 242
250 60 232 242
251 60 92 247
252 60 95 247
253 60 137 0
254 60 232 77
255 60 60 77
256 60 138 0
257 61 89 185
258 61 61 185
259 61 61 0
260 62 65 0
261 62 62 0
262 63 145 0
263 64 70 0
264 65 65 0
265 65 65 0
266 65 65 0
267 65 65 0
268 66 113 0
269 67 101 186
270 67 70 186
271 68 68 0
272 68 68 0
273 68 68 0
274 69 122 109
275 69 86 109
276 69 69 0
277 70 134 164
278 70 232 164
279 70 70 0
280 70 70 0
281 71 71 0
282 71 144 0
283 71 163 26
284 71 175 26
285 71 190 42
286 71 181 42
287 71 72 0
288 72 72 0
289 72 72 0
290 72 72 0
291 72 139 0
292 73 98 0
293 73 142 17
294 73 148 17
295 73 101 0
296 73 73 0
297 74 74 0
298 75 75 0
299 75 197 6
300 75 181 6
301 75 155 69
302 75 180 69
303 76 232 0
304 76 142 30
305 76 159 30
306 76 101 108
307 76 232 108
308 77 77 0
309 77 171 51
310 77 174 51
311 77 117 0
312 77 93 0
313 77 77 0
314 78 78 0
315 79 79 0
316 79 79 0
317 80 232 0
318 80 142 86
319 80 152 86
320 80 171 0
321 81 103 0
322 82 161 0
323 82 137 0
324 83 83 0
325 83 83 0
326 84 84 0
327 85 176 53
328 85 182 53
329 85 142 59
330 85 85 59
331 86 94 0
332 86 147 0
333 86 173 237
334 86 98 237
335 86 121 0
336 87 87 0
337 89 232 116
338 89 96 116
339 89 89 0
340 89 89 0
341 90 93 0
342 90 101 81
343 90 170 81
344 91 232 0
345 91 111 14
346 91 196 14
347 92 232 18
348 92 232 18
349 92 92 0
350 92 156 0
351 92 92 0
352 93 132 0
353 93 93 0
354 93 93 0
355 94 141 192
356 94 139 192
357 94 232 341
358 94 232 341
359 94 101 0
360 95 229 15
361 95 232 15
362 95 101 0
363 96 98 0
364 96 100 252
365 96 96 252
366 96 96 0
367 97 128 0
368 97 101 10
369 97 187 10
370 97 97 0
371 97 180 338
372 97 97 338
373 97 232 47
374 97 232 47
375 98 98 0
376 99 99 0
377 99 162 191
378 99 156 191
379 99 99 0
380 99 161 0
381 100 186 39
382 100 101 39
383 100 100 0
384 101 232 364
385 101 105 364
386 101 162 0
387 102 175 0
388 102 137 0
389 102 190 0
390 102 142 0
391 102 177 0
392 102 116 0
393 102 184 0
394 102 151 0
395 102 102 0
396 102 134 0
397 102 164 0
398 102 104 0
399 102 102 0
400 102 102 0
401 102 106 0
402 102 232 179
403 102 232 179
404 102 142 0
405 103 103 0
406 103 103 0
407 103 232 400
408 103 103 400
409 103 103 0
410 103 103 0
411 104 119 321
412 104 110 321
413 105 105 0
414 105 232 0
415 105 105 93
416 105 169 93
417 107 152 41
418 107 157 41
419 107 181 56
420 107 174 56
421 107 232 73
422 107 232 73
423 108 108 0
424 108 232 0
425 109 109 0
426 110 110 0
427 111 231 0
428 111 160 0
429 111 229 219
430 111 232 219
431 111 216 55
432 111 215 55
433 112 112 0
434 112 175 31
435 112 232 31
436 112 157 67
437 112 155 67
438 113 113 0
439 113 113 0
440 113 205 0
441 113 231 48
442 113 202 48
443 114 114 0
444 114 134 0
445 114 114 0
446 115 115 0
447 115 115 0
448 116 166 210
449 116 166 210
450 116 187 0
451 117 117 0
452 117 232 392
453 117 200 392
454 117 232 76
455 117 232 76
456 118 232 220
457 118 125 220
458 118 140 311
459 118 123 311
460 118 136 0
461 118 178 228
462 118 188 228
463 119 232 148
464 119 232 148
465 119 149 0
466 119 119 0
467 119 119 0
468 120 123 0
469 120 120 0
470 121 121 0
471 121 121 0
472 121 121 0
473 121 219 0
474 121 121 0
475 121 168 0
476 122 122 0
477 122 232 335
478 122 209 335
479 124 124 0
480 124 124 0
481 124 131 0
482 124 124 0
483 127 127 0
484 127 232 217
485 127 232 217
486 127 232 231
487 127 232 231
488 129 129 0
489 129 135 367
490 129 232 367
491 129 129 0
492 132 182 175
493 132 184 175
494 132 133 0
495 132 181 54
496 132 178 54
497 133 232 245
498 133 230 245
499 133 176 0
500 134 134 0
501 134 232 0
502 135 232 277
503 135 232 277
504 135 179 203
505 135 179 203
506 135 232 232
507 135 229 232
508 135 143 63
509 135 232 63
510 135 151 396
511 135 224 396
512 136 142 0
513 136 136 0
514 137 232 0
515 137 232 249
516 137 145 249
517 137 232 36
518 137 193 36
519 137 137 0
520 137 137 0
521 137 232 178
522 137 232 178
523 137 137 0
524 138 232 388
525 138 160 388
526 138 138 0
527 138 232 208
528 138 142 208
529 138 143 253
530 138 185 253
531 138 138 0
532 139 195 0
533 139 175 12
534 139 142 12
535 139 202 256
536 139 195 256
537 140 232 0
538 140 192 356
539 140 195 356
540 140 232 0
541 140 232 0
542 140 226 291
543 140 214 291
544 141 141 0
545 142 232 0
546 142 232 0
547 142 142 0
548 142 142 0
549 142 142 0
550 142 232 355
551 142 195 355
552 142 183 0
553 143 208 0
554 143 193 293
555 143 204 293
556 143 232 22
557 143 198 22
558 143 232 0
559 143 232 304
560 143 219 304
561 143 232 131
562 143 232 131
563 143 232 0
564 143 215 0
565 143 232 0
566 143 199 0
567 143 218 0
568 143 143 0
569 143 153 0
570 143 232 0
571 143 232 0
572 143 196 0
573 143 227 0
574 144 145 0
575 144 186 45
576 144 232 45
577 144 144 568
578 144 182 568
579 144 145 529
580 144 150 529
581 144 159 0
582 145 145 0
583 145 220 282
584 145 215 282
585 145 145 0
586 145 232 206
587 145 232 206
588 145 148 0
589 145 145 0
590 146 201 262
591 146 205 262
592 146 146 516
593 146 232 516
594 146 232 0
595 146 146 0
596 148 148 0
597 148 213 332
598 148 206 332
599 148 148 0
600 148 148 0
601 148 232 84
602 148 232 84
603 149 149 0
604 149 149 0
605 149 191 294
606 149 192 294
607 149 149 0
608 150 150 0
609 150 203 465
610 150 159 465
611 151 151 0
612 152 152 0
613 152 204 0
614 152 216 394
615 152 219 394
616 152 194 510
617 152 152 510
618 152 155 0
619 153 232 25
620 153 232 25
621 153 230 244
622 153 153 244
623 153 214 417
624 153 207 417
625 153 232 319
626 153 232 319
627 154 192 622
628 154 232 622
629 154 154 0
630 154 161 0
631 155 157 0
632 155 217 90
633 155 211 90
634 156 232 301
635 156 232 301
636 156 209 437
637 156 206 437
638 156 232 618
639 156 156 618
640 157 157 0
641 157 208 378
642 157 232 378
643 158 232 418
644 158 232 418
645 158 204 436
646 158 208 436
647 158 158 0
648 158 175 0
649 158 158 0
650 159 159 0
651 159 159 0
652 160 232 305
653 160 232 305
654 160 217 50
655 160 223 50
656 160 196 0
657 160 192 0
658 161 163 0
659 161 217 428
660 161 215 428
661 161 161 0
662 161 161 0
663 162 162 0
664 162 232 322
665 162 232 322
666 162 172 0
667 162 232 0
668 162 208 0
669 162 168 380
670 162 223 380
671 163 163 0
672 163 163 0
673 163 185 16
674 163 232 16
675 163 230 377
676 163 201 377
677 163 192 386
678 163 170 386
679 164 227 283
680 164 222 283
681 165 165 0
682 165 165 0
683 165 165 0
684 165 232 397
685 165 218 397
686 166 166 0
687 167 167 0
688 167 225 448
689 167 229 448
690 167 223 449
691 167 227 449
692 167 218 160
693 167 219 160
694 167 167 0
695 167 186 0
696 168 168 0
697 169 169 0
698 169 232 475
699 169 172 475
700 170 232 416
701 170 232 416
702 171 171 0
703 171 173 0
704 171 229 343
705 171 232 343
706 172 173 0
707 172 178 0
708 172 223 309
709 172 227 309
710 172 232 320
711 172 232 320
712 173 176 0
713 174 174 0
714 174 174 0
715 174 232 99
716 174 232 99
717 174 232 333
718 174 232 333
719 175 224 0
720 175 232 420
721 175 232 420
722 175 231 310
723 175 229 310
724 175 175 0
725 176 232 387
726 176 232 387
727 176 232 533
728 176 176 533
729 176 176 0
730 176 232 434
731 176 216 434
732 176 232 284
733 176 177 284
734 176 232 0
735 177 177 0
736 177 177 0
737 177 177 0
738 177 232 327
739 177 232 327
740 178 178 0
741 178 196 391
742 178 215 391
743 178 178 0
744 178 232 0
745 178 182 0
746 179 232 0
747 179 179 0
748 179 203 0
749 179 232 496
750 179 232 496
751 179 232 461
752 179 232 461
753 180 180 0
754 180 181 0
755 180 232 505
756 180 232 505
757 180 232 0
758 181 181 0
759 181 232 371
760 181 232 371
761 181 232 0
762 181 232 0
763 181 232 302
764 181 232 302
765 181 181 0
766 182 182 0
767 182 182 300
768 182 232 300
769 182 232 286
770 182 232 286
771 182 198 419
772 182 232 419
773 182 227 495
774 182 232 495
775 182 232 207
776 182 232 207
777 183 184 0
778 183 232 492
779 183 232 492
780 183 183 0
781 183 183 0
782 183 232 767
783 183 184 767
784 183 225 328
785 183 232 328
786 183 183 0
787 184 232 0
788 184 184 0
789 185 232 493
790 185 232 493
791 185 226 0
792 185 186 0
793 185 187 393
794 185 185 393
795 185 197 393
796 185 232 0
797 186 232 794
798 186 188 794
799 186 192 0
800 186 188 0
801 186 232 0
802 187 215 0
803 187 187 0
804 187 187 0
805 187 232 0
806 187 212 0
807 187 188 695
808 187 187 695
809 188 232 369
810 188 232 369
811 188 188 0
812 188 192 0
813 188 228 0
814 189 232 0
815 189 190 0
816 189 232 798
817 189 191 798
818 189 232 462
819 189 232 462
820 190 191 0
821 190 232 0
822 190 232 0
823 191 201 0
824 191 232 285
825 191 196 285
826 191 232 389
827 191 232 389
828 191 191 0
829 191 191 0
830 192 194 820
831 192 197 820
832 192 192 0
833 193 193 0
834 193 201 606
835 193 203 606
836 193 232 538
837 193 232 538
838 193 232 0
839 194 232 554
840 194 203 554
841 194 232 518
842 194 232 518
843 194 194 0
844 194 194 0
845 195 195 0
846 195 232 616
847 195 232 616
848 195 232 0
849 196 232 551
850 196 232 551
851 196 232 539
852 196 232 539
853 196 196 0
854 196 196 0
855 196 232 536
856 196 232 536
857 196 232 0
858 197 197 0
859 197 232 0
860 197 232 346
861 197 232 346
862 197 232 0
863 197 208 0
864 197 217 0
865 197 232 572
866 197 232 572
867 198 198 0
868 198 232 299
869 198 232 299
870 198 232 11
871 198 232 11
872 198 231 0
873 198 209 0
874 198 232 0
875 198 200 0
876 199 199 0
877 199 232 24
878 199 232 24
879 199 232 557
880 199 232 557
881 199 232 771
882 199 212 771
883 199 199 0
884 199 210 0
885 200 204 0
886 200 223 566
887 200 200 566
888 200 200 0
889 201 201 0
890 201 232 0
891 201 201 0
892 201 232 453
893 201 232 453
894 202 232 0
895 202 232 590
896 202 232 590
897 202 203 0
898 203 232 0
899 203 232 0
900 203 203 0
901 203 232 442
902 203 232 442
903 203 232 535
904 203 232 535
905 204 232 835
906 204 232 835
907 204 205 0
908 204 204 0
909 205 232 555
910 205 232 555
911 205 206 555
912 205 205 0
913 205 232 0
914 205 232 645
915 205 232 645
916 206 227 591
917 206 232 591
918 206 208 0
919 206 232 440
920 206 232 440
921 206 206 0
922 207 232 637
923 207 232 637
924 207 232 598
925 207 232 598
926 208 218 0
927 208 232 624
928 208 232 624
929 208 209 0
930 208 232 161
931 208 232 161
932 208 232 117
933 208 232 117
934 208 208 0
935 208 208 0
936 209 232 0
937 209 213 553
938 209 230 553
939 209 232 641
940 209 211 641
941 209 209 646
942 209 232 646
943 209 232 0
944 209 216 0
945 209 210 0
946 210 210 0
947 210 210 0
948 210 213 0
949 210 211 0
950 210 211 0
951 210 232 636
952 210 232 636
953 211 211 0
954 212 212 0
955 212 213 0
956 212 212 0
957 212 232 0
958 212 212 0
959 212 212 0
960 212 232 633
961 212 232 633
962 212 232 0
963 212 232 0
964 213 213 0
965 213 213 0
966 213 215 0
967 213 232 806
968 213 216 806
969 213 232 0
970 214 232 8
971 214 232 8
972 214 232 597
973 214 216 597
974 214 232 127
975 214 232 127
976 215 232 0
977 215 217 623
978 215 232 623
979 215 221 0
980 215 232 543
981 215 232 543
982 216 232 0
983 216 229 584
984 216 220 584
985 216 232 564
986 216 229 564
987 217 232 731
988 217 220 731
989 217 232 0
990 217 232 0
991 217 229 0
992 217 232 431
993 217 232 431
994 217 232 614
995 217 232 614
996 218 218 0
997 218 218 0
998 218 232 977
999 218 232 977
1000 218 222 864
1001 218 232 864
1002 218 232 659
1003 218 232 659
1004 218 232 654
1005 218 232 654
1006 218 226 0
1007 218 232 632
1008 218 232 632
1009 218 220 0
1010 219 232 692
1011 219 232 692
1012 219 232 567
1013 219 232 567
1014 219 232 685
1015 219 232 685
1016 220 232 0
1017 220 220 0
1018 220 220 0
1019 220 229 473
1020 220 224 473
1021 220 232 560
1022 220 232 560
1023 220 226 0
1024 220 227 0
1025 220 232 615
1026 220 232 615
1027 220 232 693
1028 220 232 693
1029 221 232 0
1030 221 232 583
1031 221 232 583
1032 221 232 0
1033 221 232 988
1034 221 232 988
1035 221 232 0
1036 221 221 0
1037 221 221 0
1038 222 232 0
1039 222 232 0
1040 223 225 0
1041 223 232 680
1042 223 232 680
1043 223 223 0
1044 224 232 690
1045 224 232 690
1046 224 232 655
1047 224 232 655
1048 224 232 886
1049 224 232 886
1050 224 224 670
1051 224 232 670
1052 225 232 0
1053 225 230 0
1054 225 232 0
1055 225 225 0
1056 225 225 0
1057 226 232 688
1058 226 232 688
1059 226 232 0
1060 226 232 0
1061 227 227 0
1062 227 232 0
1063 227 232 791
1064 227 232 791
1065 227 232 0
1066 227 232 0
1067 227 232 542
1068 227 232 542
1069 228 228 0
1070 228 232 679
1071 228 232 679
1072 228 232 691
1073 228 229 691
1074 228 230 773
1075 228 228 773
1076 228 232 709
1077 228 232 709
1078 228 228 0
1079 228 232 573
1080 228 232 573
1081 228 232 0
1082 229 232 0
1083 229 229 0
1084 229 229 0
1085 229 232 0
1086 229 232 813
1087 229 232 813
1088 230 232 360
1089 230 232 360
1090 230 232 689
1091 230 232 689
1092 230 232 1019
1093 230 232 1019
1094 230 232 507
1095 230 232 507
1096 230 232 723
1097 230 232 723
1098 230 232 704
1099 230 232 704
1100 231 232 675
1101 231 232 675
1102 231 232 0
1103 231 232 0
1104 231 232 621
1105 231 232 621
1106 231 232 1053
1107 231 232 1053
1108 231 232 498
1109 231 232 498
1110 231 232 1074
1111 231 232 1074
1112 231 232 0
1113 232 232 0
1114 232 232 0
1115 232 232 872
1116 232 232 872
1117 232 232 441
1118 232 232 441
1119 232 232 0
1120 232 232 722
1121 232 232 722
