1 0 91 0
2 0 9 0
3 0 6 0
4 0 14 0
5 0 62 0
6 0 67 0
7 0 91 0
8 0 91 0
9 0 90 0
10 0 91 0
11 0 16 0
12 0 91 0
13 0 4 0
14 0 91 0
15 0 28 0
16 0 91 0
17 0 3 0
18 0 15 0
19 0 91 0
20 0 1 0
21 0 80 0
22 0 8 0
23 0 91 0
24 0 10 0
25 0 91 0
26 3 3 0
27 3 3 0
28 5 91 13
29 5 91 13
30 6 6 0
31 7 7 0
32 8 8 0
33 8 8 0
34 9 9 0
35 9 9 22
36 9 13 22
37 10 16 2
38 10 11 2
39 10 10 0
40 14 14 0
41 14 15 0
42 14 14 36
43 14 18 36
44 16 24 18
45 16 16 18
46 17 23 37
47 17 18 37
48 17 91 11
49 17 17 11
50 18 18 0
51 19 21 43
52 19 20 43
53 20 26 0
54 22 22 51
55 22 24 51
56 23 23 0
57 23 23 54
58 23 23 54
59 24 27 46
60 24 24 46
61 25 25 0
62 25 25 0
63 25 27 44
64 25 25 44
65 25 28 55
66 25 26 55
67 27 27 0
68 28 29 59
69 28 28 59
70 28 28 0
71 28 28 0
72 28 28 63
73 28 36 63
74 29 30 15
75 29 34 15
76 29 30 65
77 29 31 65
78 30 35 68
79 30 32 68
80 30 30 0
81 32 32 0
82 32 33 77
83 32 36 77
84 34 34 0
85 35 37 75
86 35 40 75
87 36 37 78
88 36 36 78
89 36 36 0
90 37 37 0
91 37 43 73
92 37 37 73
93 37 37 0
94 37 37 83
95 37 40 83
96 38 38 87
97 38 40 87
98 39 39 0
99 40 41 0
100 41 64 97
101 41 47 97
102 41 41 0
103 41 91 86
104 41 91 86
105 41 43 95
106 41 47 95
107 43 43 0
108 43 44 0
109 44 44 0
110 44 45 0
111 44 77 91
112 44 44 91
113 44 46 105
114 44 44 105
115 45 45 0
116 45 45 0
117 47 47 0
118 47 47 0
119 48 64 101
120 48 48 101
121 48 48 0
122 48 48 106
123 48 48 106
124 49 49 0
125 49 49 0
126 51 51 0
127 53 53 0
128 54 55 0
129 55 55 0
130 58 65 0
131 63 63 0
132 63 88 5
133 63 64 5
134 63 63 0
135 65 76 119
136 65 65 119
137 65 91 100
138 65 91 100
139 67 67 0
140 67 67 0
141 67 67 0
142 67 67 0
143 68 75 6
144 68 68 6
145 69 69 0
146 69 69 0
147 70 70 0
148 70 75 0
149 71 71 0
150 74 74 0
151 75 75 0
152 75 75 0
153 77 78 135
154 77 77 135
155 77 77 0
156 78 80 0
157 78 91 111
158 78 78 111
159 79 82 153
160 79 80 153
161 79 81 153
162 79 91 153
163 80 80 0
164 80 80 0
165 81 82 21
166 81 83 21
167 82 82 0
168 82 82 0
169 83 91 159
170 83 90 159
171 84 85 166
172 84 91 166
173 85 85 0
174 86 86 0
175 87 87 0
176 87 88 0
177 88 88 0
178 89 90 0
179 89 91 132
180 89 89 132
181 89 89 0
182 90 90 0
